15 0.696596 0.758147 0.377288 0.0562446 0.863327
15 0.696916 0.759701 0.376348 0.0531723 0.85217
15 0.693225 0.757235 0.379557 0.0467041 0.796284
15 0.700944 0.764793 0.37331 0.0473317 0.671484
15 0.696962 0.762429 0.377058 0.041002 0.801008
15 0.690537 0.75326 0.381695 0.0490133 0.271129
15 0.685478 0.757507 0.39644 0.0458274 0.774197
15 0.695361 0.764885 0.379189 0.0414875 0.72347
15 0.68515 0.754237 0.391762 0.0469831 0.730226
15 0.693417 0.76174 0.375858 0.0433573 0.659447
15 0.684372 0.749676 0.393438 0.0548612 0.758168
15 0.692362 0.759589 0.375159 0.0459429 0.511348
15 0.682475 0.748321 0.395584 0.0562897 0.697784
15 0.694385 0.758114 0.374034 0.049553 0.373905
15 0.683993 0.74943 0.401389 0.0569013 0.650381
15 0.67893 0.749198 0.406513 0.0608334 0.635259
15 0.676055 0.749059 0.40973 0.0604501 0.580194
15 0.671728 0.745532 0.406457 0.0665083 0.623167
15 0.683406 0.747608 0.38794 0.0640889 0.775942
15 0.677403 0.745726 0.398253 0.0638758 0.73212
15 0.679767 0.745485 0.392049 0.0610792 0.781652
15 0.675704 0.7377 0.399222 0.0717556 0.806018
15 0.678273 0.723818 0.394896 0.0641277 0.298226
15 0.675666 0.739618 0.396828 0.0721175 0.823791
15 0.677606 0.726674 0.395959 0.0662137 0.280322
15 0.671855 0.739651 0.399616 0.0720801 0.881073
15 0.671112 0.741221 0.406894 0.0719348 0.846757
15 0.668481 0.744714 0.419001 0.0686656 0.848879
15 0.673877 0.744591 0.405715 0.0715362 0.91779
15 0.669614 0.744544 0.416648 0.0737388 0.913935
15 0.671542 0.745737 0.413255 0.0736143 0.85844
15 0.674921 0.74783 0.409077 0.0647866 0.913201
15 0.674912 0.749002 0.405656 0.0634732 0.916338
15 0.668608 0.749271 0.421092 0.0655403 0.921552
15 0.651513 0.760013 0.477721 0.066072 0.467472
15 0.667423 0.745716 0.422848 0.0665939 0.894596
15 0.65143 0.745454 0.453432 0.066956 0.861149
15 0.650757 0.742274 0.454248 0.0695078 0.851929
15 0.651636 0.745417 0.451977 0.0687019 0.834895
15 0.646998 0.743502 0.461048 0.0695464 0.755596
15 0.651701 0.74566 0.454098 0.0703589 0.80034
15 0.661983 0.746726 0.425067 0.0648801 0.824771
15 0.657473 0.744897 0.433723 0.0675002 0.643705
15 0.639874 0.743524 0.47925 0.0740046 0.637216
15 0.632268 0.73454 0.490651 0.0840679 0.486932
15 0.634613 0.724215 0.499294 0.100728 0.50936
15 0.63612 0.740921 0.480032 0.0750852 0.302168
15 0.638098 0.74785 0.474414 0.0707037 0.510074
15 0.63855 0.742386 0.480739 0.0730672 0.523257
15 0.653725 0.742629 0.44903 0.0683177 0.680356
15 0.654075 0.737902 0.445564 0.0688201 0.833773
15 0.651421 0.743703 0.45698 0.0666769 0.317385
15 0.749862 0.756016 0.500276 0.0756269 0.489767
15 0.72285 0.752827 0.42326 0.060636 0.348656
15 0.717235 0.744176 0.431773 0.0763889 0.272159
15 0.690993 0.749439 0.371631 0.069682 0.730188
15 0.69152 0.748785 0.367998 0.0689065 0.879135
15 0.688943 0.748574 0.371132 0.0703129 0.873761
15 0.687243 0.749445 0.377345 0.0684308 0.854955
15 0.685407 0.746237 0.381044 0.072578 0.73788
15 0.686331 0.745907 0.377585 0.0711737 0.872534
15 0.688111 0.746778 0.374028 0.0724282 0.841205
15 0.69008 0.746026 0.372769 0.0725424 0.871093
15 0.689449 0.746955 0.375081 0.0724429 0.891409
15 0.693782 0.748903 0.370792 0.0692306 0.922111
15 0.695823 0.748423 0.369871 0.068292 0.875529
15 0.699474 0.748843 0.365133 0.0655631 0.865365
15 0.690037 0.746607 0.384594 0.0701269 0.678576
15 0.698347 0.750805 0.373561 0.0720427 0.597884
15 0.698177 0.748416 0.364055 0.0716659 0.684186
15 0.689993 0.750444 0.386872 0.0724021 0.770993
15 0.690107 0.747242 0.392758 0.0813653 0.597849
15 0.693329 0.753307 0.382657 0.0814726 0.437823
15 0.687656 0.745403 0.381583 0.0830425 0.368917
15 0.665671 0.752354 0.338819 0.0698952 0.341504
15 0.655534 0.751192 0.31432 0.0714108 0.36545
15 0.692417 0.748948 0.386501 0.0708206 0.28647
15 0.670345 0.755762 0.347986 0.0785264 0.436459
15 0.676992 0.752578 0.358696 0.0787506 0.361705
15 0.679471 0.76994 0.371952 0.0769317 0.791847
15 0.689471 0.757805 0.371779 0.0705012 0.433281
15 0.683936 0.759857 0.363082 0.0664316 0.9071
15 0.683008 0.754354 0.367847 0.0568269 0.937636
15 0.688088 0.750799 0.373901 0.0582678 0.921173
15 0.692092 0.748595 0.365479 0.0585339 0.852199
15 0.689558 0.749158 0.371831 0.0618742 0.853282
15 0.702077 0.746401 0.347 0.0648757 0.55211
15 0.699574 0.759742 0.348126 0.06201 0.601523
15 0.698815 0.74816 0.351459 0.0652309 0.473937
15 0.703307 0.753271 0.342047 0.0563269 0.530819
15 0.700437 0.75715 0.335551 0.0528181 0.495842
15 0.695942 0.754507 0.332639 0.044763 0.452149
15 0.702687 0.752744 0.34362 0.0433237 0.33457
18 0.70244 0.515097 0.310026 0.376006 0.277484
18 0.700008 0.518161 0.300947 0.37465 0.943513
18 0.695529 0.527186 0.284698 0.381417 0.977752
18 0.693733 0.538965 0.273023 0.392927 0.977156
18 0.692246 0.541355 0.271609 0.391041 0.983911
18 0.692071 0.546534 0.271453 0.39252 0.978602
18 0.695188 0.554161 0.278349 0.390706 0.982263
18 0.695771 0.559763 0.280321 0.393547 0.991445
18 0.697869 0.562678 0.282657 0.392793 0.990573
18 0.699733 0.56505 0.287611 0.385526 0.985297
18 0.701412 0.569036 0.292187 0.388133 0.973769
18 0.704478 0.5776 0.30391 0.387438 0.987781
18 0.705904 0.585637 0.317294 0.383738 0.548059
19 0.698114 0.57842 0.311694 0.374866 0.316564
19 0.698833 0.587874 0.323299 0.371572 0.509755
19 0.699883 0.59187 0.326892 0.369796 0.639811
19 0.698872 0.597558 0.322211 0.356999 0.762375
19 0.700316 0.604732 0.32742 0.351916 0.777789
19 0.702562 0.606659 0.324819 0.338072 0.837686
19 0.70185 0.608855 0.32662 0.326012 0.870223
19 0.701241 0.615375 0.322215 0.323298 0.81776
19 0.701569 0.617913 0.32305 0.308195 0.607121
16 0.7 0.627096 0.32278 0.302517 0.744683
16 0.699604 0.634827 0.336983 0.299319 0.944375
16 0.698596 0.642797 0.339424 0.286094 0.899038
16 0.700016 0.646063 0.340946 0.270225 0.888572
16 0.699059 0.654796 0.335559 0.259123 0.906964
16 0.698042 0.66243 0.347162 0.243277 0.830249
16 0.69723 0.670516 0.349912 0.231787 0.451702
17 0.699436 0.677066 0.352925 0.217182 0.617561
17 0.696787 0.683729 0.358559 0.202453 0.850436
17 0.696723 0.692631 0.350638 0.179757 0.89219
17 0.692614 0.702294 0.366143 0.168983 0.978116
17 0.69156 0.711994 0.369181 0.148155 0.974835
17 0.689122 0.72098 0.368004 0.125977 0.967909
15 0.688942 0.729378 0.37525 0.104001 0.47755
17 0.689234 0.730677 0.374342 0.10678 0.279197
15 0.694319 0.745811 0.37187 0.0763793 0.872396
15 0.695859 0.753538 0.378003 0.0593808 0.914159
15 0.694849 0.75382 0.381151 0.0531022 0.83824
15 0.699139 0.747931 0.360908 0.0554642 0.873245
15 0.698349 0.750758 0.36461 0.055224 0.914429
15 0.693181 0.750562 0.364962 0.0633931 0.894414
15 0.68592 0.747622 0.378844 0.0646472 0.621901
15 0.690895 0.747446 0.369929 0.0558971 0.536669
22 0.690183 0.488169 0.342674 0.540197 0.590937
22 0.692311 0.491699 0.345313 0.545519 0.884443
22 0.688773 0.493623 0.348092 0.543538 0.865393
22 0.689599 0.495408 0.345597 0.550501 0.868373
22 0.693672 0.497181 0.34402 0.556189 0.939674
22 0.692583 0.496464 0.341789 0.555748 0.929907
22 0.692856 0.496741 0.341364 0.555097 0.935192
22 0.691704 0.49577 0.343257 0.551667 0.927674
22 0.69312 0.496181 0.346818 0.552275 0.935026
22 0.69042 0.49353 0.345403 0.550019 0.9159
22 0.688779 0.4941 0.351171 0.551033 0.914836
22 0.689331 0.494829 0.348138 0.549299 0.892132
22 0.689712 0.495922 0.349158 0.547909 0.885149
22 0.688852 0.495208 0.349859 0.549652 0.899358
22 0.688709 0.495785 0.347608 0.549246 0.904216
22 0.689152 0.496649 0.345062 0.547614 0.856715
22 0.690338 0.49583 0.34385 0.549846 0.920103
22 0.689707 0.495929 0.34569 0.550938 0.867225
22 0.689563 0.496234 0.344698 0.547886 0.872062
22 0.690102 0.496238 0.342701 0.547802 0.867762
22 0.690749 0.496323 0.346725 0.54731 0.854182
22 0.690633 0.497604 0.342394 0.545528 0.878745
22 0.690239 0.498229 0.343054 0.546813 0.834507
22 0.690568 0.496991 0.344566 0.546122 0.887428
22 0.692355 0.500381 0.341311 0.542977 0.762617
22 0.693371 0.50052 0.336002 0.543234 0.779059
22 0.692862 0.5003 0.33745 0.542857 0.7844
21 0.691036 0.503745 0.338569 0.536838 0.621188
21 0.691486 0.506248 0.342993 0.5359 0.787663
21 0.691949 0.504648 0.343501 0.536889 0.791213
21 0.692447 0.504566 0.336436 0.539132 0.757484
22 0.691139 0.502815 0.33853 0.540564 0.463443
21 0.691535 0.500838 0.34033 0.542809 0.342851
22 0.692037 0.502086 0.337793 0.542573 0.691744
22 0.691844 0.503172 0.335093 0.539517 0.511185
21 0.691398 0.50137 0.337429 0.542276 0.327236
21 0.690171 0.502399 0.342158 0.540564 0.515671
22 0.69 0.504423 0.340515 0.537823 0.329074
21 0.691776 0.502625 0.340212 0.540074 0.632815
22 0.692208 0.504873 0.336745 0.536898 0.270848
21 0.692749 0.50345 0.337731 0.539462 0.662892
21 0.694411 0.503258 0.332187 0.541173 0.781867
21 0.695083 0.504679 0.327326 0.538876 0.84183
21 0.694783 0.503799 0.325823 0.537071 0.909956
21 0.695606 0.504394 0.329785 0.539792 0.903269
21 0.695886 0.504525 0.3292 0.538356 0.856915
21 0.696523 0.50542 0.32903 0.536728 0.898132
21 0.696969 0.505181 0.33099 0.535787 0.898577
21 0.69653 0.505595 0.330972 0.534163 0.922226
21 0.694848 0.504213 0.335811 0.534372 0.888339
21 0.695763 0.504069 0.330625 0.534303 0.925733
21 0.697433 0.504418 0.328489 0.533505 0.904242
21 0.694653 0.504325 0.327233 0.535237 0.930821
21 0.693689 0.505133 0.334334 0.532685 0.947168
21 0.693976 0.504587 0.329519 0.534016 0.950264
21 0.694914 0.505795 0.324944 0.534793 0.952344
21 0.693532 0.506407 0.331483 0.532712 0.94148
21 0.694628 0.506642 0.326027 0.532351 0.95055
21 0.690853 0.506718 0.333972 0.531221 0.934915
21 0.690839 0.507116 0.334939 0.5298 0.926339
21 0.694466 0.509284 0.328755 0.52606 0.943692
21 0.695543 0.507916 0.327636 0.526486 0.952811
21 0.691971 0.508125 0.331368 0.524078 0.91906
21 0.694873 0.508721 0.336348 0.528549 0.93977
21 0.697028 0.511478 0.326936 0.520876 0.962046
21 0.698658 0.510667 0.325659 0.525231 0.957032
21 0.699093 0.51105 0.322773 0.521135 0.966313
21 0.700643 0.512673 0.318147 0.520509 0.972455
21 0.698257 0.512158 0.324078 0.518873 0.967805
21 0.700654 0.51475 0.316504 0.515264 0.945361
21 0.697776 0.514188 0.322015 0.516522 0.948579
21 0.701308 0.512981 0.313986 0.519963 0.953723
21 0.704255 0.513695 0.310423 0.518178 0.952824
21 0.702983 0.515074 0.311802 0.514328 0.950444
21 0.702486 0.514286 0.307891 0.516223 0.956218
21 0.70242 0.515209 0.308994 0.511509 0.954568
21 0.703131 0.514179 0.309151 0.514622 0.95497
21 0.701535 0.514447 0.308933 0.512355 0.946435
21 0.703241 0.515759 0.309622 0.510151 0.943303
21 0.704434 0.516441 0.310804 0.51071 0.959534
21 0.704018 0.516972 0.310307 0.509855 0.954716
21 0.707289 0.515693 0.309339 0.513253 0.955653
21 0.705782 0.516161 0.310506 0.512931 0.965744
21 0.707178 0.515059 0.30668 0.511134 0.952989
21 0.706467 0.517471 0.309735 0.508274 0.966346
21 0.704314 0.519396 0.31193 0.507061 0.967324
21 0.70669 0.518854 0.307221 0.504627 0.96593
21 0.707228 0.519892 0.305812 0.503412 0.964484
21 0.706228 0.520986 0.311878 0.502954 0.963636
21 0.706272 0.520432 0.308177 0.502716 0.960671
21 0.706689 0.522139 0.308242 0.502805 0.958931
21 0.709166 0.521281 0.304549 0.501991 0.961027
21 0.709087 0.520504 0.298712 0.497809 0.955579
21 0.708904 0.520439 0.299262 0.500924 0.914672
21 0.71044 0.521877 0.297281 0.500076 0.935095
21 0.709992 0.521571 0.295942 0.500815 0.936867
21 0.710542 0.521593 0.297517 0.497419 0.956545
21 0.708507 0.522539 0.294938 0.496349 0.817047
21 0.708633 0.523356 0.298814 0.496767 0.758601
21 0.710062 0.522607 0.300677 0.497069 0.888246
21 0.709841 0.522671 0.300428 0.494863 0.807095
21 0.709755 0.523511 0.301825 0.495527 0.835225
21 0.711129 0.52271 0.297544 0.492794 0.961226
21 0.711198 0.523924 0.297557 0.490194 0.942937
21 0.710027 0.525276 0.300009 0.491112 0.87676
20 0.714167 0.529869 0.303895 0.491666 0.703081
21 0.712023 0.527945 0.303438 0.491034 0.575569
20 0.71337 0.532178 0.302733 0.486444 0.839681
20 0.714751 0.531864 0.303464 0.486422 0.849521
20 0.714267 0.5328 0.30213 0.487578 0.842547
20 0.714989 0.533345 0.302253 0.486726 0.890784
20 0.714958 0.533498 0.302396 0.4876 0.936259
20 0.716026 0.534192 0.303678 0.485179 0.95883
20 0.715303 0.536175 0.304057 0.48961 0.977227
20 0.714733 0.536518 0.304583 0.484647 0.976082
20 0.713552 0.538188 0.30709 0.48421 0.971237
20 0.712058 0.537279 0.310333 0.482595 0.952512
20 0.711649 0.538339 0.311023 0.48219 0.963283
20 0.711417 0.537218 0.306578 0.478716 0.959223
20 0.712043 0.5371 0.308006 0.472562 0.957469
20 0.713374 0.540314 0.31432 0.476523 0.949643
20 0.711584 0.541908 0.312515 0.473789 0.950637
20 0.711054 0.542558 0.314581 0.473198 0.952004
20 0.711177 0.543354 0.314793 0.470545 0.933164
20 0.707912 0.541739 0.315447 0.463809 0.867017
20 0.709241 0.543226 0.314171 0.466202 0.876905
20 0.708771 0.543533 0.317908 0.463556 0.933584
20 0.708122 0.545297 0.318384 0.455878 0.915491
20 0.706778 0.545953 0.318421 0.454095 0.910678
20 0.707304 0.547258 0.319578 0.45116 0.837228
20 0.706185 0.546111 0.31748 0.449692 0.930018
20 0.70642 0.549212 0.316931 0.447483 0.796382
20 0.706047 0.549548 0.319115 0.445175 0.88346
20 0.706654 0.551695 0.321156 0.442015 0.874541
20 0.706172 0.553861 0.321185 0.439674 0.533996
18 0.708257 0.555926 0.321147 0.43927 0.481319
18 0.707395 0.557013 0.323681 0.439046 0.602952
20 0.706126 0.555978 0.322281 0.437526 0.586877
18 0.708112 0.558542 0.319444 0.430315 0.4692
18 0.707088 0.558831 0.320129 0.428797 0.634692
18 0.70789 0.561447 0.320757 0.427924 0.622865
20 0.705142 0.560303 0.323949 0.431524 0.477421
18 0.7099 0.561872 0.320345 0.42652 0.599517
20 0.708728 0.560804 0.32649 0.43028 0.517431
20 0.708833 0.560781 0.324744 0.426179 0.735149
18 0.710326 0.562388 0.318387 0.422979 0.441357
18 0.709075 0.563068 0.317926 0.421414 0.921009
18 0.708265 0.567307 0.322844 0.417716 0.946724
18 0.708052 0.567473 0.319003 0.412711 0.869435
18 0.706968 0.569797 0.324286 0.41311 0.955122
18 0.707633 0.570387 0.322643 0.410665 0.958911
18 0.707101 0.572433 0.321908 0.408138 0.970598
18 0.70596 0.576265 0.326721 0.406219 0.974794
18 0.706771 0.576952 0.32442 0.401249 0.971772
18 0.708187 0.57911 0.321893 0.39876 0.966333
18 0.707306 0.582267 0.319824 0.393009 0.969576
18 0.707624 0.585255 0.32157 0.389712 0.978909
18 0.706545 0.588867 0.323604 0.384157 0.968373
18 0.70767 0.591381 0.320304 0.373901 0.959891
19 0.707717 0.58616 0.334494 0.380757 0.285668
18 0.708428 0.591592 0.319987 0.375837 0.958826
18 0.710327 0.592832 0.316727 0.37159 0.905673
19 0.710555 0.58813 0.331665 0.37017 0.411943
18 0.708213 0.595045 0.319588 0.370223 0.760147
19 0.707471 0.592225 0.335624 0.3698 0.573185
19 0.708755 0.596057 0.338702 0.362665 0.680946
18 0.705862 0.597922 0.322 0.363734 0.579987
19 0.708213 0.599228 0.337666 0.352912 0.799171
19 0.708017 0.601699 0.338008 0.349766 0.728581
18 0.705092 0.604096 0.322066 0.3503 0.255789
19 0.706886 0.605163 0.328112 0.336791 0.787619
19 0.704859 0.606842 0.333076 0.335961 0.656343
19 0.705764 0.607786 0.327763 0.327601 0.745935
19 0.706388 0.610551 0.327278 0.322044 0.681461
19 0.707669 0.611878 0.323028 0.314533 0.797685
19 0.706966 0.618024 0.327973 0.307725 0.814015
19 0.705964 0.620849 0.330662 0.303616 0.779242
19 0.705747 0.624715 0.331271 0.295466 0.791476
19 0.707512 0.625634 0.325713 0.292845 0.800964
19 0.707449 0.627345 0.324596 0.287243 0.837992
19 0.706957 0.633022 0.323687 0.277666 0.533683
19 0.706259 0.637209 0.324476 0.272878 0.650313
19 0.708693 0.638546 0.32833 0.269627 0.441254
19 0.707478 0.64342 0.322719 0.258448 0.449533
16 0.708364 0.645521 0.320478 0.256309 0.309525
16 0.706806 0.652154 0.318691 0.243786 0.543193
16 0.707842 0.654626 0.32779 0.244017 0.635403
16 0.706473 0.656926 0.320158 0.235352 0.657915
16 0.707368 0.659798 0.324773 0.229271 0.791616
16 0.7071 0.662318 0.323877 0.225253 0.845874
16 0.709069 0.666652 0.328523 0.216806 0.743092
16 0.705752 0.667006 0.32859 0.206695 0.673151
16 0.70684 0.671505 0.330508 0.200925 0.71885
16 0.708342 0.674026 0.327549 0.190277 0.30117
17 0.709158 0.678376 0.337882 0.184064 0.492787
17 0.707425 0.683411 0.335057 0.171419 0.497716
17 0.70396 0.68723 0.341939 0.165554 0.747185
17 0.706059 0.690703 0.334134 0.154904 0.804431
17 0.70423 0.69203 0.340628 0.146182 0.898909
17 0.705629 0.696826 0.337662 0.139109 0.881965
17 0.703956 0.70333 0.341963 0.128866 0.416909
17 0.701853 0.707691 0.343063 0.118827 0.261182
15 0.699477 0.716777 0.35077 0.106548 0.281522
15 0.69924 0.717375 0.34683 0.0981694 0.465903
15 0.700858 0.723856 0.351598 0.0928566 0.690248
15 0.700308 0.72598 0.35223 0.0867159 0.765043
15 0.69798 0.734252 0.358391 0.0727989 0.798265
15 0.694819 0.743938 0.361958 0.0608369 0.771533
15 0.692574 0.74965 0.370556 0.0537942 0.844907
15 0.690634 0.750077 0.376555 0.0514279 0.801401
15 0.686495 0.751736 0.383649 0.047429 0.749959
15 0.688501 0.748397 0.382307 0.0477143 0.625943
15 0.693769 0.756561 0.385412 0.0414703 0.272071
15 0.690793 0.747616 0.376933 0.0466222 0.651591
15 0.690318 0.746671 0.381798 0.047043 0.681227
15 0.691571 0.745961 0.382782 0.0521758 0.701341
15 0.693566 0.755588 0.381966 0.0488486 0.30434
15 0.690272 0.744372 0.376829 0.0572565 0.783471
15 0.693024 0.753568 0.378379 0.0494636 0.289166
15 0.693546 0.748545 0.384157 0.0527012 0.644208
15 0.694866 0.75722 0.379675 0.0471588 0.38104
15 0.691551 0.742715 0.370841 0.0563773 0.797887
15 0.694418 0.751867 0.37485 0.0457501 0.403364
15 0.692078 0.749002 0.383835 0.0495003 0.601256
15 0.690399 0.752239 0.392872 0.0516478 0.712385
15 0.689406 0.750607 0.351895 0.0562976 0.773969
15 0.696634 0.753148 0.361849 0.0545848 0.717631
15 0.696317 0.75673 0.369411 0.0533207 0.733135
15 0.715924 0.76071 0.394415 0.0550485 0.742665
15 0.717415 0.764796 0.399874 0.0535365 0.690302
15 0.732859 0.750902 0.42852 0.062205 0.392963
15 0.73989 0.75256 0.450942 0.0731303 0.389784
15 0.73652 0.765541 0.450435 0.0774349 0.284836
15 0.731314 0.745918 0.431979 0.062743 0.27709
15 0.63067 0.749744 0.243019 0.051948 0.266988
15 0.664661 0.754121 0.300523 0.0507896 0.538249
15 0.69046 0.76276 0.366234 0.0478287 0.388791
15 0.686203 0.749174 0.36445 0.0438605 0.440174
15 0.698978 0.750541 0.397931 0.0555893 0.848518
15 0.687796 0.746015 0.385996 0.0550359 0.878679
15 0.689888 0.748993 0.380555 0.0585485 0.860268
15 0.684408 0.749486 0.384583 0.0608473 0.831019
15 0.687782 0.751985 0.381295 0.0561104 0.781171
15 0.693211 0.761248 0.378708 0.0554117 0.496258
15 0.68151 0.745475 0.389303 0.0579944 0.552716
15 0.693383 0.744974 0.366193 0.063134 0.44296
15 0.687892 0.743508 0.373055 0.0650927 0.349814
15 0.693887 0.73954 0.359347 0.0745686 0.481309
15 0.697651 0.734903 0.352018 0.0797439 0.553238
15 0.696762 0.741432 0.355759 0.0767238 0.627597
15 0.695411 0.748593 0.359468 0.065113 0.635699
15 0.698641 0.751097 0.363106 0.0590058 0.587513
15 0.703476 0.752031 0.348769 0.049399 0.663958
15 0.704221 0.752056 0.361519 0.0491558 0.768827
15 0.697874 0.749668 0.366836 0.0402779 0.595052
15 0.698212 0.751005 0.366227 0.0441969 0.484616
15 0.697987 0.748814 0.359586 0.0489109 0.617317
15 0.698945 0.752029 0.360841 0.0504039 0.653437
15 0.700158 0.749542 0.369767 0.0493251 0.580758
15 0.697191 0.749483 0.351855 0.0490915 0.642019
15 0.698041 0.749579 0.357901 0.0513604 0.59251
15 0.710194 0.747943 0.371454 0.0545359 0.633297
15 0.726588 0.744508 0.402243 0.0620851 0.608598
17 0.676564 0.683439 0.294728 0.134564 0.457098
15 0.688555 0.698959 0.324655 0.118809 0.407025
15 0.694777 0.709356 0.344388 0.117899 0.479154
15 0.698459 0.718184 0.350374 0.108882 0.723555
15 0.699451 0.723658 0.356381 0.0942066 0.713132
15 0.697605 0.732178 0.364901 0.0837395 0.859707
15 0.699037 0.739563 0.355551 0.069941 0.809029
15 0.699785 0.747988 0.359725 0.0547993 0.856585
15 0.696124 0.750889 0.366709 0.050382 0.789391
15 0.692223 0.750755 0.375956 0.0481536 0.700751
15 0.68869 0.747488 0.375026 0.0478427 0.550715
15 0.689698 0.747857 0.369872 0.0495013 0.747908
15 0.690526 0.747075 0.370635 0.0528258 0.732475
15 0.688008 0.745442 0.377567 0.0587363 0.753388
15 0.688668 0.747736 0.373495 0.0567017 0.792148
15 0.694605 0.751744 0.364532 0.0607541 0.635549
16 0.707337 0.662413 0.335069 0.224224 0.417466
17 0.706514 0.675965 0.332854 0.189333 0.453481
17 0.706406 0.682391 0.332745 0.180927 0.496706
17 0.70488 0.689118 0.327545 0.168942 0.558766
17 0.704631 0.691428 0.334424 0.156156 0.558771
17 0.704752 0.693067 0.333727 0.147059 0.829319
17 0.706488 0.698407 0.339001 0.13767 0.742037
15 0.704418 0.702969 0.344576 0.127544 0.33947
17 0.703918 0.703454 0.344294 0.129002 0.262206
15 0.704466 0.707248 0.340963 0.119307 0.563747
15 0.703025 0.714086 0.349886 0.110612 0.762751
15 0.704532 0.71766 0.346137 0.107865 0.764722
15 0.699933 0.721669 0.344553 0.0956996 0.747591
15 0.7027 0.725412 0.347478 0.0914268 0.790123
15 0.701834 0.734708 0.347985 0.0742596 0.781285
15 0.698049 0.747586 0.357834 0.0609257 0.835826
15 0.697634 0.750091 0.360305 0.0546247 0.846193
15 0.698149 0.748933 0.365641 0.0530582 0.817891
15 0.69635 0.750522 0.368578 0.0505869 0.800316
15 0.692826 0.753982 0.380689 0.0490439 0.773671
15 0.688648 0.754748 0.388226 0.0461393 0.793532
15 0.68619 0.751909 0.395241 0.0447736 0.709584
15 0.684627 0.751225 0.402747 0.046786 0.678516
15 0.692197 0.760193 0.381962 0.0445028 0.388546
15 0.679164 0.751519 0.415587 0.048679 0.585032
15 0.681508 0.75123 0.406573 0.0478389 0.636669
15 0.682911 0.752929 0.401325 0.049458 0.691345
15 0.684691 0.746458 0.396299 0.0556402 0.722531
15 0.68392 0.746608 0.400357 0.0553247 0.775406
15 0.684162 0.746362 0.40169 0.0546004 0.6823
15 0.690873 0.736408 0.3866 0.0572012 0.369964
15 0.68339 0.746425 0.406228 0.0588257 0.67365
15 0.684609 0.747217 0.40089 0.0543224 0.73677
15 0.683898 0.749376 0.406215 0.0584269 0.677326
15 0.683216 0.7519 0.410895 0.0589144 0.639425
15 0.69219 0.757687 0.408291 0.0552796 0.350139
15 0.687383 0.758548 0.377719 0.0594431 0.352968
15 0.690206 0.762861 0.358794 0.0640636 0.506483
16 0.68919 0.675232 0.324462 0.187885 0.365664
16 0.696562 0.680736 0.3279 0.172096 0.803431
16 0.712079 0.686057 0.363721 0.159924 0.924801
16 0.718845 0.689434 0.391002 0.154788 0.874973
17 0.72689 0.699282 0.425023 0.143466 0.910707
17 0.708723 0.707109 0.37306 0.131988 0.932936
17 0.69824 0.716043 0.353611 0.115124 0.539002
15 0.696313 0.716604 0.351375 0.117638 0.284613
15 0.693507 0.726344 0.364195 0.0995763 0.570788
17 0.697213 0.725696 0.362659 0.105409 0.251327
15 0.694027 0.729433 0.375897 0.0937357 0.830932
15 0.694185 0.742682 0.371109 0.0720239 0.882927
15 0.693522 0.751775 0.378936 0.0575268 0.839916
15 0.693989 0.759362 0.385047 0.0519125 0.88699
15 0.68764 0.751621 0.396676 0.0527915 0.703617
15 0.693651 0.761628 0.386192 0.0458684 0.613548
15 0.692337 0.748475 0.382775 0.0579753 0.678233
15 0.695304 0.747541 0.374999 0.0618013 0.651253
15 0.693855 0.748309 0.378918 0.0600894 0.74959
15 0.697763 0.748939 0.370785 0.0647829 0.673017
15 0.702558 0.748614 0.359442 0.0664533 0.370796
16 0.705362 0.661168 0.336987 0.23111 0.385517
16 0.701186 0.659402 0.332675 0.21746 0.630171
16 0.702282 0.668855 0.341216 0.225551 0.644771
16 0.70105 0.677451 0.342183 0.223885 0.661963
16 0.703734 0.672405 0.334354 0.205793 0.825116
16 0.70352 0.678693 0.337122 0.202848 0.731925
16 0.702377 0.68095 0.335846 0.193341 0.738866
17 0.69988 0.685026 0.33984 0.18674 0.403523
17 0.70041 0.687489 0.344746 0.179857 0.394034
16 0.701972 0.687335 0.343083 0.179377 0.393923
17 0.700244 0.691112 0.344974 0.173991 0.67933
17 0.698886 0.693195 0.345041 0.170433 0.650654
17 0.697675 0.696612 0.347594 0.16698 0.829995
17 0.69963 0.697596 0.345826 0.161343 0.740951
17 0.698921 0.701138 0.349795 0.161949 0.884032
17 0.696799 0.703847 0.351059 0.152761 0.902411
17 0.699187 0.70673 0.352008 0.143044 0.894771
17 0.697814 0.709615 0.34931 0.135458 0.964705
17 0.697008 0.711212 0.348646 0.130342 0.966527
17 0.695573 0.713706 0.358585 0.128953 0.980312
17 0.696663 0.714275 0.354472 0.122911 0.967422
17 0.69691 0.7172 0.358956 0.121845 0.966832
17 0.697353 0.716581 0.357519 0.117405 0.963898
17 0.697297 0.717962 0.361116 0.117627 0.945822
17 0.696002 0.720332 0.363863 0.114041 0.93392
17 0.697318 0.721386 0.361347 0.110125 0.871808
17 0.694844 0.72263 0.362604 0.108181 0.821427
17 0.694947 0.725187 0.367756 0.105943 0.85286
17 0.694785 0.725184 0.362982 0.101323 0.540895
15 0.692656 0.72703 0.368338 0.0981492 0.459182
15 0.695652 0.727784 0.359164 0.0925163 0.554366
15 0.69644 0.729904 0.362212 0.0927068 0.705182
15 0.697488 0.731888 0.35999 0.0862971 0.787167
15 0.695351 0.733723 0.368054 0.0874869 0.795329
15 0.696113 0.735098 0.36612 0.0833856 0.819307
15 0.69642 0.736223 0.37025 0.0837285 0.802467
15 0.699075 0.735476 0.361832 0.0796655 0.76201
15 0.699796 0.73836 0.371921 0.0811805 0.778118
15 0.698009 0.738668 0.372017 0.0786077 0.739927
15 0.698392 0.740077 0.37136 0.0790922 0.778979
15 0.698464 0.740816 0.37095 0.077509 0.796529
15 0.699455 0.742547 0.364509 0.0714025 0.799178
15 0.697785 0.742557 0.359268 0.0677647 0.778732
15 0.698887 0.742451 0.359098 0.0675325 0.803484
15 0.698229 0.743432 0.356153 0.0649276 0.789053
15 0.697627 0.743842 0.352213 0.0651437 0.817479
15 0.69724 0.743803 0.351904 0.0636277 0.826549
15 0.698793 0.743123 0.351851 0.0650207 0.832809
15 0.699806 0.744581 0.354549 0.0648845 0.84188
15 0.697654 0.744968 0.358373 0.0670341 0.840022
15 0.697559 0.745176 0.358209 0.0666341 0.829049
15 0.697697 0.745643 0.355078 0.0657988 0.848567
15 0.69748 0.746398 0.35656 0.0673004 0.853546
15 0.69737 0.746302 0.358166 0.0672864 0.843646
15 0.6982 0.746388 0.357076 0.0663982 0.857494
15 0.69851 0.746123 0.356488 0.0661089 0.85567
15 0.698272 0.745902 0.355287 0.0653488 0.847451
15 0.696095 0.746046 0.357733 0.0658968 0.832922
15 0.696171 0.746389 0.355239 0.0664226 0.843957
15 0.696425 0.745455 0.354554 0.0650405 0.831556
15 0.696332 0.745873 0.356948 0.0654425 0.850344
15 0.697198 0.745309 0.355411 0.0648554 0.841431
15 0.698372 0.745867 0.354663 0.0646934 0.848313
15 0.696939 0.745874 0.357146 0.0643855 0.83366
15 0.696371 0.745616 0.356911 0.0637802 0.839617
15 0.697701 0.745666 0.356219 0.0641614 0.840989
15 0.696358 0.746071 0.358141 0.0652545 0.84108
15 0.69768 0.74564 0.355332 0.0644362 0.836505
15 0.698647 0.745885 0.357738 0.065022 0.82346
15 0.697307 0.746279 0.359511 0.0658749 0.837737
15 0.697513 0.745655 0.358847 0.0643444 0.837389
15 0.698673 0.745641 0.357917 0.0645218 0.834106
15 0.697818 0.746194 0.361805 0.06569 0.827445
15 0.697707 0.746533 0.36377 0.0669096 0.845433
15 0.699105 0.746031 0.359561 0.0656629 0.843646
15 0.699767 0.746093 0.356163 0.0651463 0.827644
15 0.698395 0.745825 0.362179 0.0661424 0.823586
15 0.697997 0.746124 0.359054 0.0674501 0.834141
15 0.699239 0.745583 0.360563 0.0655145 0.821638
15 0.69789 0.746596 0.357064 0.0645301 0.837744
15 0.700065 0.746633 0.355875 0.0638519 0.835626
15 0.698172 0.747158 0.358898 0.0647893 0.836351
15 0.697119 0.746632 0.365573 0.0667543 0.826157
15 0.698743 0.746819 0.361094 0.065636 0.834758
15 0.699802 0.746479 0.361802 0.0655891 0.838164
15 0.698481 0.746969 0.358742 0.0646426 0.82786
15 0.697148 0.745839 0.362315 0.0662557 0.821134
15 0.698101 0.74674 0.362285 0.0650359 0.825006
15 0.700232 0.746543 0.360325 0.0650801 0.829832
15 0.698509 0.745878 0.361082 0.0665164 0.82752
15 0.698389 0.746646 0.360095 0.0654078 0.824598
15 0.698622 0.746778 0.359928 0.0648162 0.822915
15 0.698991 0.744685 0.357746 0.0643115 0.823248
15 0.699386 0.746394 0.354553 0.0630477 0.817429
15 0.699969 0.746393 0.357004 0.0637514 0.821738
15 0.699203 0.745106 0.354856 0.0638642 0.828385
15 0.699779 0.746171 0.362939 0.0661824 0.848032
15 0.700001 0.746082 0.361199 0.0653926 0.848757
15 0.699965 0.745394 0.360632 0.0652419 0.840305
15 0.699231 0.74618 0.361234 0.0668591 0.828347
15 0.700792 0.745497 0.363319 0.0665651 0.829418
15 0.701114 0.746167 0.358647 0.0655302 0.83243
15 0.702103 0.746174 0.359299 0.0651506 0.832842
15 0.700685 0.745804 0.361109 0.0659577 0.83671
15 0.700475 0.745344 0.357956 0.0655887 0.836001
15 0.700195 0.745336 0.355803 0.0649971 0.838524
15 0.699987 0.746085 0.357263 0.0667604 0.853173
15 0.699341 0.746019 0.358385 0.0660494 0.832912
15 0.699586 0.746987 0.355995 0.0643768 0.816035
15 0.699451 0.74558 0.358578 0.064598 0.832936
15 0.700209 0.745764 0.357813 0.0659977 0.849272
15 0.698205 0.746091 0.359138 0.0658884 0.817659
15 0.699451 0.745909 0.35974 0.0654613 0.826124
15 0.698702 0.746049 0.359854 0.0667492 0.835735
15 0.700227 0.7459 0.361065 0.0672358 0.832461
15 0.701711 0.746482 0.357219 0.0654544 0.824003
15 0.701862 0.745439 0.360882 0.0660159 0.828741
15 0.699941 0.745628 0.3617 0.0666237 0.819688
15 0.700238 0.745818 0.362557 0.0671169 0.81701
15 0.700019 0.744755 0.356431 0.0642451 0.811256
15 0.700142 0.745822 0.360996 0.0656475 0.820004
15 0.700237 0.745177 0.360575 0.0657855 0.822357
15 0.700494 0.744763 0.35764 0.0649718 0.841234
15 0.700542 0.744792 0.35765 0.064156 0.837799
15 0.700231 0.744465 0.35815 0.0638853 0.839795
15 0.701852 0.744812 0.359109 0.0642807 0.83519
15 0.701192 0.745301 0.359706 0.0649402 0.846584
15 0.701632 0.744732 0.3572 0.0653623 0.840659
15 0.699899 0.745365 0.357973 0.0659391 0.853733
15 0.69892 0.745132 0.35762 0.0650263 0.838433
15 0.700565 0.745196 0.360085 0.0651234 0.850839
15 0.701834 0.745387 0.363836 0.0667301 0.852609
15 0.702234 0.745497 0.363169 0.0664514 0.859082
15 0.701869 0.745812 0.363568 0.0664156 0.853532
15 0.702343 0.746028 0.357688 0.0650501 0.854546
15 0.700355 0.747014 0.355788 0.0644323 0.856246
15 0.699892 0.746768 0.358241 0.0650619 0.844692
15 0.700305 0.745895 0.359618 0.0658024 0.86054
15 0.699903 0.747194 0.360004 0.0653098 0.837343
15 0.697512 0.74648 0.352502 0.0661044 0.845644
15 0.712782 0.7478 0.384748 0.0683479 0.822489
15 0.704189 0.748161 0.366168 0.0678118 0.866072
15 0.699181 0.748833 0.362887 0.0672963 0.803474
15 0.696424 0.749286 0.35906 0.0650078 0.85859
15 0.698543 0.754034 0.369011 0.0737671 0.821943
15 0.698248 0.747474 0.360026 0.0661885 0.846419
15 0.694678 0.748666 0.361985 0.0635621 0.893041
15 0.695875 0.746894 0.357594 0.0601099 0.921171
15 0.696895 0.748833 0.361457 0.0639979 0.91676
15 0.695299 0.748042 0.361395 0.0632674 0.881566
15 0.694191 0.74793 0.36226 0.0652797 0.839015
15 0.695374 0.74832 0.358635 0.0643046 0.879004
15 0.693092 0.749354 0.357437 0.0640988 0.882319
15 0.694532 0.748207 0.351982 0.0629819 0.942989
15 0.69413 0.7503 0.358791 0.0670753 0.930596
15 0.70213 0.747156 0.344139 0.0652075 0.946834
15 0.700082 0.747569 0.354791 0.0646994 0.919836
15 0.699325 0.745985 0.349398 0.0624467 0.902069
15 0.698299 0.746405 0.353303 0.0635456 0.84991
15 0.697026 0.74622 0.355352 0.0644576 0.875959
15 0.698492 0.746358 0.354947 0.0644498 0.852733
0 0.415719 0.678222 0.356214 0.626949 0.752244
1 0.627058 0.864919 0.400247 0.269043 0.379633
0 0.490846 0.639014 0.439733 0.711464 0.497384
1 0.486746 0.637856 0.441575 0.724287 0.400515
0 0.580139 0.616723 0.488088 0.766554 0.299668
0 0.624189 0.607386 0.501227 0.785227 0.315728
0 0.623861 0.583185 0.481863 0.833629 0.660653
0 0.588404 0.595293 0.425558 0.809415 0.872626
0 0.574241 0.594302 0.393791 0.738346 0.9113
0 0.564816 0.59264 0.366437 0.649231 0.670347
1 0.554192 0.612746 0.323241 0.583619 0.513643
0 0.553288 0.607726 0.321711 0.585716 0.301137
1 0.548069 0.625543 0.3097 0.552065 0.358423
1 0.546634 0.629196 0.305171 0.546126 0.257772
0 0.532185 0.463408 0.306353 0.772561 0.572075
0 0.519557 0.46949 0.306899 0.671144 0.691777
0 0.524924 0.384288 0.311243 0.768575 0.486104
0 0.533176 0.529169 0.302399 0.556901 0.278369
0 0.527921 0.533903 0.303564 0.56622 0.384203
0 0.524365 0.540238 0.304996 0.576169 0.325295
0 0.524436 0.541849 0.304643 0.574143 0.364021
0 0.524276 0.541928 0.305631 0.57579 0.283826
1 0.52588 0.542315 0.308386 0.575627 0.254817
0 0.522142 0.542236 0.307307 0.57708 0.285725
1 0.522433 0.542908 0.30996 0.576588 0.26003
1 0.519003 0.547558 0.304473 0.566958 0.277335
0 0.520785 0.54555 0.305386 0.569399 0.384791
0 0.522672 0.546368 0.305337 0.567018 0.330961
0 0.52377 0.54588 0.304605 0.566242 0.386205
0 0.523982 0.546568 0.304846 0.570409 0.330307
0 0.525233 0.54641 0.305556 0.571999 0.321178
0 0.525599 0.547228 0.305456 0.570834 0.341237
0 0.52625 0.546586 0.306539 0.572127 0.259025
0 0.526946 0.54661 0.305255 0.572588 0.261118
0 0.528488 0.531186 0.300698 0.542428 0.330952
1 0.531415 0.506722 0.28589 0.514564 0.525783
1 0.532377 0.502346 0.278217 0.465055 0.789773
1 0.533289 0.503636 0.272966 0.448878 0.917269
1 0.530591 0.505461 0.277408 0.445444 0.940205
1 0.529929 0.503605 0.278172 0.450001 0.936127
1 0.530216 0.50356 0.279024 0.450492 0.931973
1 0.529871 0.503372 0.27949 0.450817 0.928783
1 0.529132 0.504084 0.278746 0.449278 0.938294
1 0.529481 0.504111 0.278112 0.44917 0.935715
1 0.528979 0.507903 0.275367 0.443036 0.950226
1 0.528816 0.507846 0.277323 0.442734 0.94826
1 0.530032 0.508367 0.278669 0.444451 0.92616
1 0.529732 0.511042 0.278698 0.454798 0.927112
1 0.528185 0.510947 0.279764 0.457587 0.934188
1 0.925509 0.871286 0.14698 0.257428 0.328685
1 0.528753 0.515678 0.280105 0.472049 0.878154
1 0.961499 0.868983 0.0750809 0.262034 0.59433
1 0.528615 0.517187 0.280419 0.479716 0.857789
1 0.972206 0.874 0.0544701 0.252 0.367859
1 0.528058 0.517648 0.28145 0.480501 0.88724
1 0.527745 0.516637 0.281164 0.481296 0.845541
1 0.525859 0.516578 0.280708 0.483627 0.864267
1 0.527316 0.521245 0.283042 0.493136 0.694658
1 0.528425 0.525526 0.284737 0.509801 0.662608
1 0.528341 0.526711 0.28589 0.508507 0.529937
1 0.528451 0.52774 0.2867 0.509654 0.468769
0 0.528922 0.533872 0.292069 0.519903 0.378139
1 0.53036 0.535368 0.289735 0.517765 0.31782
0 0.520873 0.541025 0.301684 0.547829 0.382836
1 0.517517 0.548502 0.300537 0.564011 0.322428
0 0.519311 0.54739 0.304198 0.564689 0.265699
0 0.518452 0.54847 0.304963 0.565658 0.251499
0 0.518279 0.547758 0.306021 0.570159 0.282471
0 0.516509 0.546139 0.310121 0.577426 0.44873
0 0.508763 0.547059 0.320822 0.582252 0.291322
1 0.503904 0.548566 0.323696 0.57955 0.297526
1 0.504104 0.548228 0.323606 0.581491 0.254527
0 0.503816 0.548684 0.323779 0.578608 0.28348
0 0.503958 0.549149 0.324109 0.578912 0.265989
0 0.658556 0.541998 0.381782 0.763025 0.467985
0 0.657477 0.513837 0.400019 0.815065 0.368028
0 0.658971 0.514072 0.399536 0.816304 0.318844
0 0.661386 0.517296 0.401272 0.810211 0.331272
0 0.66059 0.51725 0.401116 0.809471 0.350229
0 0.659244 0.514488 0.402554 0.815142 0.294317
0 0.661524 0.5166 0.39872 0.808769 0.36209
0 0.660709 0.522304 0.396486 0.795041 0.427485
0 0.661606 0.517605 0.393473 0.80282 0.397511
0 0.657918 0.520762 0.400542 0.798723 0.378755
0 0.604232 0.492121 0.508837 0.923854 0.287779
0 0.656785 0.522424 0.400423 0.795886 0.336588
0 0.602037 0.495473 0.513572 0.923505 0.253264
0 0.6578 0.516968 0.400575 0.806476 0.3944
0 0.608413 0.492685 0.500666 0.923822 0.32273
0 0.657328 0.514863 0.397579 0.808652 0.39897
0 0.658588 0.516486 0.391941 0.805072 0.433712
0 0.658112 0.514236 0.390821 0.809043 0.411332
0 0.652557 0.50889 0.419275 0.818032 0.250524
0 0.665169 0.469329 0.36809 0.855283 0.263979
0 0.642449 0.505337 0.360763 0.783317 0.350185
0 0.640652 0.513175 0.355789 0.768938 0.520067
0 0.658099 0.457981 0.397866 0.840083 0.284667
0 0.661934 0.460154 0.393601 0.836812 0.31431
0 0.635936 0.502128 0.353926 0.753407 0.310211
0 0.632236 0.449944 0.362794 0.820774 0.331307
0 0.662823 0.458813 0.358975 0.81974 0.459253
0 0.634813 0.497886 0.364478 0.800652 0.281192
0 0.601525 0.468766 0.353597 0.849076 0.613347
0 0.611023 0.642503 0.310593 0.536191 0.337759
1 0.592766 0.636089 0.368325 0.489949 0.476807
1 0.603051 0.631589 0.341331 0.480507 0.403542
1 0.61835 0.633551 0.293227 0.469555 0.426249
1 0.608623 0.627418 0.30204 0.473922 0.559474
1 0.557743 0.656777 0.386755 0.503197 0.282033
1 0.614417 0.629392 0.283959 0.472184 0.448054
1 0.584477 0.629163 0.321165 0.464772 0.412526
1 0.555238 0.680738 0.383127 0.542465 0.351517
1 0.614291 0.628512 0.283317 0.470213 0.422921
1 0.590502 0.625463 0.309908 0.465289 0.29206
1 0.591363 0.626996 0.30865 0.466439 0.38657
1 0.553722 0.680139 0.387393 0.54681 0.261739
1 0.587784 0.629912 0.318346 0.473524 0.285747
1 0.57064 0.64064 0.350049 0.493845 0.32897
1 0.560309 0.63497 0.375448 0.545794 0.267582
0 0.593697 0.623328 0.323451 0.570144 0.29218
0 0.561435 0.603703 0.413871 0.667443 0.302561
0 0.565647 0.552974 0.42307 0.734865 0.344123
0 0.600005 0.540477 0.368381 0.781076 0.466285
0 0.603899 0.556749 0.380354 0.766007 0.354947
0 0.611775 0.588387 0.396559 0.742366 0.509937
0 0.61525 0.590175 0.403097 0.74701 0.650819
0 0.61763 0.582042 0.396295 0.730373 0.83521
0 0.612577 0.55823 0.373007 0.67871 0.882562
0 0.610527 0.516174 0.349864 0.637973 0.700568
1 0.610161 0.508781 0.340375 0.62516 0.32579
0 0.612261 0.50622 0.349714 0.622155 0.276134
1 0.607633 0.521276 0.335611 0.587898 0.712339
1 0.60628 0.496462 0.335808 0.618279 0.581455
1 0.606382 0.495677 0.335779 0.620983 0.63199
1 0.60602 0.505106 0.335891 0.605453 0.637516
1 0.605766 0.461649 0.335386 0.692982 0.397489
1 0.605383 0.467144 0.334982 0.682894 0.33769
0 0.603275 0.46848 0.33816 0.679515 0.25819
1 0.605234 0.506393 0.334061 0.601117 0.363459
0 0.601349 0.452557 0.33789 0.705073 0.27972
1 0.582246 0.516064 0.351632 0.57285 0.327662
1 0.580341 0.549209 0.31001 0.502059 0.747787
1 0.577244 0.563661 0.286712 0.482232 0.723594
1 0.575622 0.567421 0.285828 0.465117 0.905868
1 0.575261 0.577521 0.286032 0.444176 0.917943
1 0.578241 0.583617 0.280407 0.439158 0.875066
1 0.580152 0.583862 0.280127 0.439207 0.874736
1 0.58064 0.583749 0.281097 0.437676 0.892534
1 0.580582 0.583661 0.281399 0.437538 0.884306
1 0.585923 0.585616 0.271471 0.439721 0.872826
1 0.529534 0.682454 0.377346 0.635092 0.299959
1 0.585242 0.588475 0.273376 0.445204 0.850809
1 0.584655 0.590559 0.274706 0.449401 0.820814
1 0.583019 0.590246 0.276466 0.449326 0.865055
1 0.581586 0.590636 0.27915 0.450758 0.881273
1 0.582304 0.596755 0.279085 0.465538 0.588216
1 0.559364 0.649191 0.391156 0.583485 0.319654
1 0.774094 0.800501 0.451812 0.398822 0.260056
0 0.689213 0.578165 0.463317 0.84367 0.40713
1 0.603794 0.783458 0.777824 0.433085 0.296102
1 0.613589 0.780906 0.746614 0.438188 0.257579
1 0.598139 0.780344 0.727418 0.439311 0.261591
1 0.611938 0.807552 0.754753 0.384895 0.274996
1 0.537701 0.818407 0.419475 0.363186 0.369746
1 0.881318 0.511909 0.237365 0.586344 0.309393
1 0.534732 0.816095 0.450853 0.362481 0.356281
1 0.897367 0.524808 0.203833 0.596528 0.254084
1 0.539336 0.816716 0.445234 0.366568 0.546985
1 0.901654 0.526841 0.194217 0.595877 0.279709
1 0.543639 0.816584 0.439964 0.366832 0.674247
1 0.543267 0.816569 0.446787 0.366862 0.706742
1 0.548279 0.816417 0.441523 0.367166 0.669768
1 0.543932 0.816321 0.449308 0.367357 0.61259
1 0.892767 0.479752 0.21222 0.43286 0.401015
1 0.84799 0.669047 0.304019 0.66173 0.281388
1 0.539969 0.816397 0.457119 0.367205 0.661158
1 0.892429 0.533414 0.213851 0.545749 0.288782
1 0.845931 0.670533 0.308138 0.658933 0.272178
1 0.536932 0.816145 0.461259 0.36771 0.659558
1 0.895963 0.468724 0.205579 0.400908 0.621056
1 0.840923 0.66368 0.318153 0.67264 0.334632
1 0.545635 0.817219 0.437121 0.365562 0.648838
1 0.898227 0.471771 0.200421 0.392102 0.491903
1 0.838035 0.669924 0.323929 0.660152 0.300105
1 0.541318 0.817269 0.441232 0.365463 0.642758
1 0.889557 0.472423 0.219336 0.416128 0.4462
1 0.835295 0.670889 0.329411 0.658222 0.410829
1 0.543039 0.817251 0.435576 0.365498 0.713194
1 0.890879 0.472481 0.216533 0.4213 0.50753
1 0.835665 0.665797 0.32867 0.668406 0.2775
1 0.539007 0.817025 0.438572 0.365951 0.585883
1 0.887589 0.454833 0.224113 0.374386 0.506472
1 0.542985 0.817569 0.433555 0.364862 0.627646
1 0.567828 0.817747 0.499845 0.364356 0.480665
1 0.612681 0.817692 0.626125 0.363382 0.306125
1 0.578627 0.817815 0.548392 0.363324 0.34037
1 0.626413 0.815811 0.625016 0.366116 0.275619
1 0.475486 0.819642 0.376109 0.360716 0.571037
1 0.487821 0.818578 0.382563 0.362844 0.283782
1 0.473846 0.8179 0.407955 0.3642 0.305833
1 0.682436 0.633307 0.404459 0.589612 0.343399
1 0.677623 0.647095 0.400447 0.573102 0.432365
1 0.6785 0.647689 0.405137 0.575982 0.417903
1 0.625002 0.648609 0.476649 0.571006 0.289547
1 0.636668 0.644212 0.411925 0.58001 0.378586
1 0.640594 0.646852 0.405567 0.57578 0.448082
1 0.636896 0.646028 0.406663 0.574342 0.366296
1 0.5987 0.644453 0.346047 0.514231 0.283419
0 0.61358 0.64108 0.303097 0.49702 0.354784
0 0.589284 0.641456 0.270415 0.522069 0.475922
0 0.556821 0.640731 0.26963 0.511643 0.405468
0 0.549552 0.642308 0.272548 0.519032 0.499988
0 0.533598 0.675482 0.345563 0.595839 0.299359
1 0.495332 0.68021 0.393346 0.628008 0.320764
1 0.534866 0.679971 0.366274 0.630269 0.431817
0 0.520709 0.641879 0.359575 0.703044 0.319039
0 0.52301 0.573096 0.403978 0.814952 0.947055
0 0.493218 0.516202 0.455961 0.899323 0.824546
0 0.498781 0.499089 0.452425 0.909349 0.915148
0 0.531723 0.52541 0.429814 0.874278 0.964352
0 0.551057 0.531788 0.447057 0.872651 0.965547
0 0.567046 0.519202 0.441157 0.914694 0.924828
0 0.568746 0.534033 0.453173 0.880597 0.949987
0 0.583562 0.536618 0.449004 0.926763 0.934101
0 0.584071 0.543496 0.446737 0.913009 0.943803
0 0.586133 0.545448 0.439363 0.909105 0.968843
0 0.590235 0.542601 0.441991 0.911701 0.956742
0 0.58693 0.538674 0.436881 0.892403 0.979088
0 0.575235 0.534434 0.447598 0.866872 0.940736
0 0.563931 0.536073 0.447802 0.86736 0.859713
0 0.56399 0.537128 0.452772 0.894643 0.926033
0 0.561649 0.527595 0.44939 0.925179 0.948858
0 0.561077 0.531078 0.457417 0.875613 0.946187
0 0.57548 0.53231 0.458839 0.872752 0.951484
0 0.581959 0.532763 0.453664 0.871861 0.96393
0 0.57972 0.529165 0.453363 0.868651 0.953608
0 0.585145 0.531532 0.442432 0.868987 0.954418
0 0.579587 0.493911 0.414319 0.799594 0.988022
0 0.57521 0.474754 0.400044 0.753886 0.978548
0 0.573936 0.47306 0.400459 0.751108 0.969409
0 0.573919 0.473962 0.400814 0.752308 0.977665
0 0.573857 0.475712 0.401583 0.757605 0.969957
0 0.574021 0.476609 0.401144 0.756554 0.967975
0 0.574106 0.477584 0.40093 0.755555 0.969007
0 0.574413 0.476526 0.401366 0.756914 0.969431
0 0.574482 0.477727 0.401336 0.759619 0.970045
0 0.574665 0.477269 0.401131 0.756382 0.979655
0 0.574129 0.475625 0.400534 0.755325 0.959805
0 0.573418 0.469969 0.398855 0.738643 0.971326
0 0.573098 0.492423 0.400052 0.765548 0.953649
0 0.606847 0.566103 0.432376 0.816022 0.696563
1 0.455614 0.808928 0.263222 0.354804 0.40064
1 0.461355 0.805785 0.28718 0.352769 0.54769
1 0.465708 0.808428 0.292742 0.360593 0.384798
1 0.463854 0.813643 0.303862 0.37142 0.291217
1 0.462295 0.813415 0.300831 0.372902 0.334884
1 0.460443 0.805993 0.276604 0.368909 0.495382
1 0.385294 0.802448 0.322198 0.395104 0.297056
1 0.362072 0.8145 0.296223 0.371001 0.339762
1 0.526767 0.821853 0.472718 0.356295 0.383369
1 0.537251 0.820659 0.422305 0.358682 0.623932
1 0.860451 0.486302 0.279097 0.565852 0.623902
1 0.521814 0.818431 0.435389 0.363137 0.624525
1 0.862249 0.492867 0.275502 0.57928 0.422422
1 0.862053 0.490291 0.275894 0.581973 0.477289
1 0.504265 0.819714 0.483689 0.360572 0.461934
1 0.50987 0.818843 0.470045 0.362314 0.535762
1 0.861686 0.500675 0.276627 0.601957 0.368829
1 0.53341 0.820202 0.530822 0.359146 0.56686
1 0.86199 0.496358 0.27602 0.596984 0.484679
1 0.56443 0.821132 0.50924 0.357735 0.388034
0 0.610513 0.540182 0.533442 0.904 0.341521
0 0.611828 0.540834 0.559958 0.913418 0.272433
0 0.660543 0.543784 0.537751 0.894486 0.259841
0 0.675613 0.535201 0.591836 0.89922 0.291745
0 0.602087 0.542009 0.540136 0.897904 0.347662
0 0.667124 0.544604 0.484675 0.869762 0.363309
0 0.614492 0.544284 0.513283 0.911431 0.305944
0 0.646523 0.536727 0.551388 0.887213 0.315897
0 0.642897 0.538358 0.560951 0.8883 0.285964
1 0.403393 0.817691 0.356602 0.364619 0.250837
0 0.607073 0.544938 0.547174 0.910124 0.296122
0 0.652601 0.542799 0.580668 0.897788 0.263845
0 0.616535 0.544493 0.516622 0.898292 0.359877
0 0.618243 0.545732 0.511187 0.897382 0.275154
0 0.657815 0.541467 0.516772 0.889109 0.312793
1 0.563012 0.806905 0.404522 0.347964 0.316682
1 0.897989 0.56805 0.200078 0.623638 0.273851
0 0.559378 0.553359 0.53786 0.893282 0.597101
0 0.573043 0.525433 0.582893 0.949133 0.393775
0 0.581986 0.543356 0.561149 0.89882 0.442069
0 0.578916 0.517153 0.479854 0.891711 0.858165
0 0.581699 0.53852 0.575692 0.908981 0.361693
0 0.576489 0.540549 0.523762 0.908732 0.295423
1 0.565936 0.464413 0.521546 0.776702 0.255523
0 0.576563 0.517643 0.480744 0.935779 0.794891
0 0.573855 0.496729 0.40754 0.801174 0.988977
0 0.573832 0.464821 0.377198 0.620781 0.931861
0 0.568589 0.466366 0.360394 0.602601 0.63584
1 0.571317 0.465695 0.364885 0.60959 0.33121
1 0.572586 0.468274 0.349093 0.597039 0.639568
0 0.578005 0.468241 0.362223 0.59465 0.37945
1 0.571801 0.469788 0.350593 0.593834 0.677574
0 0.577696 0.469758 0.364026 0.591214 0.319383
1 0.56918 0.469469 0.35351 0.596573 0.546135
0 0.575252 0.469823 0.366036 0.59494 0.456374
0 0.567104 0.47009 0.357208 0.603371 0.734106
0 0.567192 0.470126 0.359334 0.606459 0.740158
0 0.572106 0.500462 0.383568 0.688233 0.95736
0 0.575606 0.5374 0.398222 0.750159 0.991148
0 0.57576 0.54438 0.401386 0.765777 0.989017
0 0.576977 0.5487 0.403967 0.779162 0.975956
0 0.577561 0.549962 0.406168 0.783627 0.980769
0 0.577234 0.549664 0.406542 0.783073 0.979041
0 0.576792 0.55036 0.40634 0.784329 0.97964
0 0.57503 0.543965 0.403126 0.771184 0.967395
0 0.574708 0.499269 0.39555 0.702863 0.98319
0 0.567249 0.475517 0.363651 0.620422 0.874665
0 0.567048 0.473964 0.357652 0.604658 0.587817
1 0.567564 0.479448 0.358324 0.6191 0.49531
0 0.566912 0.474185 0.357183 0.605984 0.655404
0 0.566931 0.474359 0.358547 0.609432 0.697889
0 0.567517 0.474767 0.35876 0.610337 0.703652
0 0.566619 0.474497 0.359576 0.611076 0.676115
0 0.566075 0.475102 0.359473 0.610575 0.625865
0 0.566372 0.474864 0.3596 0.60864 0.578494
1 0.567276 0.479796 0.359642 0.629512 0.448068
0 0.560475 0.475229 0.355406 0.603359 0.736125
0 0.549079 0.472143 0.344569 0.591315 0.482361
1 0.550419 0.468112 0.342675 0.605667 0.481338
1 0.544122 0.446245 0.335144 0.598889 0.764302
1 0.543931 0.477302 0.332843 0.508099 0.877403
1 0.546579 0.478086 0.333763 0.505845 0.916502
1 0.547401 0.477581 0.333917 0.50569 0.920854
1 0.546716 0.479106 0.335288 0.512351 0.911965
1 0.547466 0.476557 0.335525 0.517435 0.909911
1 0.546981 0.474595 0.336509 0.537503 0.899405
0 0.546522 0.474048 0.340694 0.590491 0.524104
0 0.548986 0.499907 0.349446 0.674641 0.933719
0 0.55289 0.507249 0.359082 0.689805 0.974026
0 0.558634 0.52225 0.371703 0.719836 0.975388
0 0.559849 0.524128 0.37467 0.723525 0.98322
0 0.559953 0.523994 0.375068 0.724521 0.988032
0 0.559944 0.524716 0.375622 0.724304 0.986454
0 0.559443 0.501007 0.37105 0.685937 0.954548
0 0.555341 0.476463 0.357039 0.620385 0.918389
1 0.556675 0.449997 0.346434 0.615772 0.81802
1 0.555144 0.437527 0.339866 0.591943 0.924241
1 0.554557 0.426703 0.339306 0.608292 0.927159
1 0.555063 0.415159 0.338386 0.63314 0.921665
1 0.554875 0.441206 0.337932 0.584971 0.938086
1 0.555486 0.419654 0.336777 0.62566 0.910427
1 0.555654 0.471104 0.336516 0.52323 0.94093
1 0.951955 0.834946 0.0941586 0.278606 0.270651
1 0.555011 0.470933 0.33689 0.527682 0.946875
1 0.555273 0.482678 0.336405 0.498056 0.962611
1 0.555532 0.479738 0.337306 0.506314 0.947433
1 0.555238 0.478778 0.337781 0.540758 0.934593
1 0.554826 0.448746 0.338272 0.642033 0.797751
1 0.553666 0.495387 0.339543 0.566303 0.61592
0 0.554042 0.487317 0.339922 0.572546 0.334271
1 0.553732 0.497548 0.339453 0.562572 0.63118
0 0.554094 0.489061 0.339942 0.569678 0.292727
1 0.554684 0.499773 0.339005 0.559256 0.587867
0 0.555361 0.492146 0.339314 0.565145 0.341269
1 0.555113 0.501673 0.340344 0.564373 0.605001
0 0.555355 0.493555 0.34066 0.568057 0.418313
0 0.558743 0.51859 0.356895 0.651522 0.954713
0 0.570756 0.535105 0.385088 0.73222 0.961992
0 0.580301 0.548626 0.397739 0.770462 0.945107
0 0.583942 0.551187 0.405737 0.777793 0.938864
0 0.58393 0.554336 0.40852 0.782832 0.939603
0 0.583177 0.555172 0.408271 0.787128 0.930588
0 0.581586 0.554609 0.406878 0.785872 0.94323
0 0.579443 0.533003 0.394126 0.740354 0.963429
0 0.588273 0.505296 0.365893 0.681522 0.930413
0 0.591885 0.476419 0.345077 0.616801 0.925841
1 0.587658 0.491726 0.332166 0.553503 0.645767
1 0.585169 0.492994 0.332563 0.539071 0.855985
1 0.58406 0.492704 0.33279 0.538015 0.876073
1 0.584717 0.489893 0.334231 0.534817 0.887084
1 0.584644 0.487748 0.333131 0.534823 0.921816
1 0.577026 0.458187 0.337026 0.591355 0.935612
1 0.573051 0.475023 0.339468 0.561152 0.953193
1 0.571442 0.461145 0.341673 0.591701 0.958045
1 0.570465 0.484851 0.340652 0.546554 0.953027
1 0.56949 0.451062 0.343427 0.615079 0.937399
1 0.569444 0.472137 0.341657 0.576894 0.933597
1 0.570157 0.451261 0.344537 0.620664 0.931261
1 0.573252 0.491046 0.335865 0.553518 0.869521
0 0.571328 0.490212 0.340168 0.58936 0.730991
0 0.571872 0.507124 0.368501 0.687847 0.970675
0 0.579304 0.537462 0.384295 0.722067 0.967437
0 0.583651 0.538002 0.384775 0.725847 0.961755
0 0.583237 0.538906 0.385502 0.724669 0.969547
0 0.579917 0.539351 0.385565 0.724582 0.977866
0 0.578637 0.538005 0.387318 0.72919 0.978774
0 0.579175 0.537485 0.387554 0.730067 0.974429
0 0.584864 0.532425 0.38449 0.732181 0.981111
0 0.585315 0.530425 0.38319 0.733096 0.973475
0 0.584467 0.5301 0.383449 0.73084 0.984241
0 0.58336 0.520937 0.378244 0.720443 0.952934
0 0.58331 0.503107 0.372817 0.687001 0.962572
0 0.581485 0.499904 0.370738 0.683991 0.959657
0 0.58069 0.498905 0.370742 0.682999 0.960985
0 0.579462 0.497543 0.368848 0.681797 0.967347
0 0.580084 0.500533 0.366247 0.668048 0.956546
0 0.592199 0.500298 0.350185 0.658968 0.939887
0 0.594756 0.498335 0.34618 0.653338 0.931554
0 0.598608 0.456162 0.341219 0.709297 0.870665
0 0.601728 0.406594 0.344008 0.813188 0.790168
0 0.618774 0.510122 0.325254 0.778736 0.506546
0 0.615503 0.543413 0.315615 0.769808 0.483092
0 0.602855 0.609418 0.330538 0.594736 0.851328
0 0.603406 0.618478 0.333456 0.595964 0.851616
0 0.599863 0.631593 0.34113 0.654565 0.853412
0 0.600005 0.617365 0.340499 0.678745 0.825904
0 0.601897 0.616591 0.34151 0.680677 0.846209
0 0.603489 0.594563 0.339618 0.671711 0.925362
0 0.603339 0.603272 0.338705 0.640682 0.902609
0 0.604691 0.580232 0.336315 0.665396 0.876902
0 0.604338 0.579978 0.336386 0.643028 0.736245
0 0.593287 0.619 0.325881 0.562127 0.680903
0 0.581285 0.625039 0.321721 0.565763 0.843826
0 0.585057 0.609223 0.326189 0.615327 0.827109
0 0.591179 0.623072 0.32165 0.587458 0.840556
0 0.596946 0.263816 0.40826 0.527632 0.678847
0 0.614847 0.308037 0.404211 0.616074 0.852253
0 0.618161 0.313156 0.413976 0.626312 0.816148
0 0.608713 0.316849 0.418358 0.633698 0.928993
0 0.594603 0.318884 0.418577 0.637769 0.907704
0 0.57882 0.323308 0.413188 0.640434 0.875256
0 0.563877 0.322834 0.385032 0.638435 0.957015
0 0.559616 0.313559 0.369264 0.627117 0.961809
0 0.562989 0.287457 0.360229 0.574915 0.936783
0 0.564728 0.285585 0.359478 0.57117 0.946841
0 0.564467 0.285564 0.360687 0.571127 0.957874
0 0.564168 0.28571 0.361596 0.57142 0.963119
0 0.566304 0.283487 0.359963 0.566973 0.947528
0 0.566129 0.282919 0.356661 0.565348 0.924232
0 0.566886 0.282446 0.354931 0.564892 0.910091
0 0.566628 0.283081 0.354907 0.560592 0.911647
0 0.567503 0.281656 0.353647 0.547955 0.72308
0 0.568275 0.279047 0.353933 0.542066 0.577789
1 0.570623 0.278035 0.356685 0.510241 0.403664
0 0.567913 0.280496 0.354287 0.545678 0.662247
1 0.570338 0.28063 0.357269 0.514318 0.298747
0 0.568584 0.278785 0.353753 0.552168 0.675507
1 0.571123 0.278592 0.357111 0.522776 0.28205
0 0.568748 0.278704 0.3541 0.55042 0.69305
1 0.571215 0.277925 0.357361 0.519043 0.337342
0 0.568677 0.27933 0.354068 0.55107 0.655838
1 0.571176 0.279562 0.35724 0.519171 0.320199
0 0.569288 0.278208 0.353779 0.553685 0.639625
1 0.572041 0.276529 0.356778 0.526241 0.349971
0 0.569554 0.279634 0.354982 0.55209 0.545531
1 0.571883 0.279975 0.357708 0.520642 0.407612
0 0.569038 0.279331 0.354344 0.551044 0.680867
1 0.571451 0.279319 0.357445 0.51965 0.302486
0 0.569835 0.27941 0.354889 0.554547 0.731749
1 0.57228 0.279248 0.357659 0.525673 0.267822
0 0.572164 0.286708 0.36899 0.573417 0.950038
0 0.574805 0.292755 0.380106 0.585511 0.957702
0 0.576775 0.308254 0.389247 0.616507 0.972376
0 0.576815 0.314059 0.390771 0.628117 0.968176
0 0.57625 0.314401 0.391854 0.628803 0.963098
0 0.576736 0.315299 0.39276 0.630598 0.946776
0 0.577331 0.31539 0.392159 0.63078 0.964115
0 0.57754 0.315653 0.392327 0.631306 0.963671
0 0.577756 0.315516 0.393504 0.631031 0.966436
0 0.57978 0.316022 0.393831 0.632043 0.956572
0 0.58034 0.315763 0.394102 0.631525 0.965921
0 0.580506 0.315886 0.393793 0.631772 0.964593
0 0.579788 0.315331 0.395193 0.630663 0.977454
0 0.579281 0.314826 0.39501 0.629653 0.981362
0 0.578607 0.315763 0.39447 0.631526 0.947227
0 0.578695 0.315649 0.394431 0.631299 0.942872
0 0.580209 0.316237 0.394625 0.632474 0.948379
0 0.580926 0.315982 0.395244 0.631963 0.931042
0 0.58218 0.316144 0.394233 0.632289 0.916968
0 0.581851 0.316519 0.396148 0.633038 0.923299
0 0.582418 0.315992 0.395045 0.631984 0.916858
0 0.582356 0.316891 0.397468 0.633781 0.951691
0 0.581815 0.316872 0.396568 0.633744 0.941171
0 0.580969 0.316668 0.396648 0.633337 0.950239
0 0.58092 0.316819 0.396161 0.633639 0.95767
0 0.580827 0.316814 0.396758 0.633629 0.959104
0 0.581624 0.321506 0.395938 0.643012 0.937737
0 0.583575 0.323385 0.393373 0.631269 0.959469
0 0.584973 0.322823 0.394424 0.63341 0.928293
0 0.585642 0.322914 0.393635 0.630806 0.930481
0 0.586386 0.323779 0.383904 0.631854 0.95117
0 0.582958 0.317846 0.3934 0.635693 0.915347
0 0.583109 0.31751 0.398432 0.635019 0.904085
0 0.582072 0.317916 0.397886 0.635832 0.93409
0 0.581862 0.317828 0.39799 0.635657 0.935903
0 0.582069 0.318879 0.399114 0.637757 0.911936
0 0.585293 0.320494 0.394274 0.629104 0.904116
0 0.585648 0.320095 0.386109 0.628676 0.89393
0 0.586358 0.319581 0.397042 0.630108 0.905449
0 0.587957 0.3203 0.399404 0.627936 0.924332
0 0.588083 0.320504 0.398688 0.627607 0.912694
0 0.589145 0.32045 0.40098 0.628299 0.914056
0 0.592683 0.322327 0.405623 0.631701 0.905277
0 0.590207 0.322509 0.392253 0.634133 0.891692
0 0.589158 0.321801 0.391169 0.630829 0.915773
0 0.588624 0.323105 0.39288 0.632574 0.875149
0 0.590242 0.324768 0.408224 0.638015 0.86945
0 0.590199 0.326074 0.410652 0.642843 0.874424
0 0.594966 0.326947 0.407641 0.646182 0.866496
0 0.588246 0.328966 0.416838 0.653432 0.857466
0 0.584916 0.33892 0.420331 0.674857 0.91283
1 0.389561 0.717091 0.318607 0.565817 0.340605
0 0.595421 0.352988 0.426018 0.6915 0.738873
1 0.396234 0.713897 0.323439 0.567835 0.443972
0 0.601204 0.366176 0.434921 0.716066 0.691564
1 0.396031 0.716558 0.321107 0.566883 0.388478
0 0.602637 0.366308 0.435353 0.719492 0.690762
1 0.396343 0.717743 0.324794 0.564515 0.43416
0 0.602702 0.366345 0.436571 0.719745 0.734916
1 0.397572 0.717684 0.321477 0.564633 0.411538
0 0.60345 0.366526 0.434948 0.721215 0.708481
1 0.394159 0.718823 0.325239 0.562353 0.441158
0 0.606401 0.357266 0.425071 0.699616 0.775564
0 0.602098 0.356695 0.430099 0.699535 0.7412
0 0.583484 0.357136 0.425976 0.703248 0.858164
0 0.587602 0.358411 0.431621 0.706323 0.856148
0 0.594884 0.36301 0.437202 0.713439 0.613522
0 0.637936 0.37992 0.469725 0.751512 0.279959
1 0.495121 0.467883 0.283027 0.281291 0.268746
1 0.450776 0.881852 0.289834 0.236297 0.396687
1 0.463091 0.831145 0.288177 0.33771 0.584324
0 0.647539 0.606792 0.561972 0.786416 0.255766
1 0.6188 0.590487 0.554726 0.785762 0.306444
1 0.621729 0.594226 0.563483 0.783883 0.264284
1 0.623315 0.58944 0.573075 0.784497 0.272913
1 0.457274 0.835722 0.281354 0.328557 0.398427
1 0.463644 0.851229 0.289817 0.297542 0.513519
1 0.464246 0.837208 0.29688 0.325552 0.308125
1 0.456537 0.82476 0.276253 0.35048 0.514627
1 0.46139 0.833381 0.298962 0.333238 0.345131
1 0.485832 0.825932 0.34492 0.348137 0.304223
1 0.49754 0.813478 0.364651 0.373045 0.315058
1 0.475704 0.840405 0.342502 0.31919 0.390425
1 0.499925 0.858848 0.351198 0.281351 0.405316
1 0.498174 0.85664 0.329123 0.282594 0.579309
1 0.48138 0.85863 0.298156 0.28274 0.652791
1 0.460256 0.824302 0.262565 0.351395 0.312892
1 0.469966 0.818361 0.309218 0.363278 0.296575
1 0.468842 0.853831 0.307455 0.292338 0.687318
0 0.764795 0.591237 0.467956 0.808938 0.349148
1 0.464916 0.854553 0.267982 0.290893 0.543714
1 0.457642 0.826831 0.289624 0.346337 0.562775
1 0.491981 0.858106 0.320163 0.283788 0.44703
1 0.471841 0.857896 0.301147 0.284208 0.674527
1 0.467082 0.857801 0.293686 0.284399 0.779259
1 0.46822 0.858842 0.279162 0.282316 0.816006
1 0.466198 0.846859 0.266855 0.306282 0.315516
0 0.661343 0.608735 0.501638 0.782529 0.339097
0 0.659824 0.60886 0.500972 0.78228 0.326908
0 0.668238 0.607599 0.513912 0.784801 0.384485
0 0.669041 0.606349 0.513542 0.787301 0.281963
0 0.65436 0.611343 0.475126 0.777314 0.393738
0 0.630326 0.609186 0.477351 0.781628 0.691247
1 0.6278 0.603065 0.485086 0.776073 0.263107
0 0.645266 0.612462 0.449555 0.774287 0.496666
1 0.526357 0.864682 0.386529 0.267893 0.691695
1 0.569062 0.864602 0.480495 0.266359 0.456576
